206702 517079
896022 201877
522539 24443
643589 483991
687614 719819
556264 101828
210053 946572
932776 311013
488050 990332
420729 932546
883468 319151
471 10225
192968 119939
239123 966570
684931 497623
916299 302761
192154 688164
652229 472070
429008 155006
79447 196425
638815 54628
7101 685616
275765 251117
489511 739022
220608 545941
149037 765402
839178 107365
997262 101445
250899 863446
937733 408651
106640 153641
816421 988413
873530 904748
248728 895974
333117 575333
123889 409416
498966 171620
165807 249044
985933 554101
377816 718691
803179 184860
249 509427
418639 475120
658544 930658
517154 531966
635661 179594
668837 616541
906829 753561
192462 414071
229840 801467
47306 728456
606944 441424
10836 152320
194425 122079
957703 492411
179377 674700
897918 339032
20537 566310
133749 568991
681005 471699
307648 126759
287620 728818
532064 805642
123015 42810
739671 882017
455737 725997
272193 222380
896595 817987
82845 74116
187061 29878
737048 115283
445643 242294
980649 57832
786137 583847
884103 491456
246953 771013
268116 449106
432015 260825
684370 258162
584249 44955
754070 75104
14235 422345
352818 597402
906556 118983
569153 94828
766477 981871
518429 470082
603162 648338
689864 350423
585907 556090
832637 380104
195436 962119
911603 593627
156446 909105
889657 997736
889538 345268
438568 134306
776839 170620
319682 669369
438276 358091
799927 776532
267995 332644
614084 778012
471963 26894
175943 959966
624830 474249
564412 37841
650693 671068
26419 974123
472905 853579
443934 828224
893498 455012
582552 4599
686983 991604
227336 785339
547206 952244
309403 621253
303731 475468
172878 625043
615367 127356
858074 210682
694999 209419
114822 204645
324928 919532
105273 869531
893570 950317
812055 662286
697872 564896
806873 187144
966645 406686
445381 84024
531090 79116
702765 345411
526608 443998
842868 460413
502057 27864
162962 173987
466856 716145
840539 608149
15453 716088
574610 693430
422875 845674
689420 393
912385 294080
548318 222586
536189 24047
836838 879525
351266 968088
107035 167007
355279 167400
171022 298282
342336 91715
982913 211939
496962 323414
195942 191953
575518 550660
523746 108734
672668 389816
459745 505102
374638 529248
640888 980594
55956 246591
285182 871345
32459 779815
726835 284902
51387 218690
958329 440373
878304 173029
394915 259815
128689 112837
806678 691569
231437 297543
619108 116324
239382 610744
158655 473280
913027 797540
846512 227771
881290 245895
549071 450942
32794 456221
78069 160138
912479 53431
577972 684562
887589 245120
797770 248444
222905 468173
946752 718815
594802 987006
806803 542793
655762 507847
601131 36216
182291 841088
533742 244078
671840 720499
379126 119291
655454 866975
580066 358784
610118 83945
66197 367903
480509 643779
565347 303020
612528 396057
507179 767929
950600 301634
697163 568963
692092 492306
130326 608258
152593 877959
970991 927815
67698 177455
879424 796058
194386 453669
805457 316581
597945 944498
80912 552733
399776 106619
927889 446120
716522 82283
313927 494285
70788 216189
568965 195072
410534 312754
721161 634996
884707 37703
396084 411063
197656 789239
52817 309164
211233 28653
73812 580823
696392 766426
685877 382961
758155 746872
293944 604861
876550 828344
514894 282244
529538 7248
718616 19495
359454 747772
65681 260286
57431 993386
655427 495376
157459 359659
328354 614620
560955 608451
831070 274248
48207 491318
722248 248667
101778 694423
32720 449883
841864 957323
566593 989707
44016 569938
825312 755875
679875 445687
650285 623098
780330 197032
526218 133756
759811 701001
7751 772325
299131 383706
404452 28920
32567 477942
207499 450459
580500 332319
117181 438464
108287 95161
239783 984431
456196 734296
664379 703991
669577 304281
684917 517130
130964 203719
672927 278264
204240 537659
676995 927735
764259 784346
30699 193595
347198 903769
224044 667296
72752 81129
42804 80574
956152 595877
495909 908786
718137 378932
934546 799630
834255 576183
523863 787150
715906 858591
3468 465930
746999 250345
497544 833850
468438 896355
674320 470436
819026 546523
304982 698659
820175 55409
787440 762257
613023 247125
824999 444233
226357 585279
715373 150684
31582 924245
850324 41455
791614 145892
991208 603181
371797 746125
14251 367084
708274 675723
976915 831253
544334 915188
894855 38665
328464 152955
476097 537928
740798 56187
146104 816038
548999 849536
330220 394313
90380 458087
545008 13017
148795 500634
627845 318100
140077 991322
363999 935190
751451 936572
451563 627891
40598 589251
981511 811719
591011 719128
68143 379433
378124 985151
5026 855798
118517 784540
815298 297904
27446 235292
730561 323175
470612 129268
810871 152045
778218 71954
864580 167777
693811 9611
569723 473413
921367 680945
612182 595060
144145 308920
887126 318042
271733 674085
556408 185920
148792 733293
750027 36179
804025 540028
627909 755588
939662 337821
246108 469678
981552 135725
71247 101983
825029 755571
88474 717683
275917 592749
4306 998762
231078 317452
674786 516157
946950 277746
142889 681545
625086 431005
571164 375583
307873 583278
6110 16637
133432 618006
929894 851850
990959 659542
789100 580013
680434 81853
120525 817906
335202 812712
4914 667421
336118 160513
186824 473526
314055 695515
980355 141567
284448 93562
521266 567843
23067 848220
992801 988735
14851 3394
148121 419339
465860 559072
851440 104246
629661 90612
135551 946062
337177 904462
673331 595441
892977 124918
980888 90751
983968 695032
609171 961748
886128 67614
55736 446130
173865 669425
84896 114288
997761 652037
936619 616462
995743 569407
924807 43618
63227 130238
103271 928892
168319 111786
329214 202000
614001 593835
312394 759089
514887 749428
556369 123452
975725 79892
10675 75284
914232 992666
610455 466261
438057 605902
51021 6171
625730 555914
683742 756552
304116 701257
498066 485620
868164 385099
253079 695610
83633 191274
239810 254890
115425 522484
441571 937162
123016 446384
862279 610901
177953 905592
974468 909005
315280 279602
932457 690500
352241 314903
27780 631725
755607 605480
272710 175095
903959 534341
228878 919702
650262 757661
351964 569823
728610 712902
720676 395254
865536 462392
421778 198735
840599 477134
688663 249989
106233 250048
915496 716137
306594 738587
326201 98261
359875 646197
644310 203677
458482 848073
502504 693806
577182 455262
856031 703254
532579 220868
703008 170638
743712 876115
197614 436040
534901 292535
712876 540296
939149 313526
355674 113360
186171 25558
207370 260225
919057 382273
565945 820961
365881 503868
163600 198406
694613 510392
553969 49866
917501 22124
987729 192954
174549 664045
23023 930595
762054 835156
993706 918466
772181 559820
795308 608912
183590 125310
440259 140253
824927 935086
666732 42212
744223 583809
876436 910668
790977 648630
518339 812839
573087 762744
138937 102902
297870 872046
446485 546570
1225 8270
873834 126891
806527 260562
771482 831350
627527 594407
233571 847528
233134 34458
68774 335490
760674 521441
989825 811875
555523 686019
173703 97129
778187 514098
902725 88907
7999 683371
781328 896423
886286 854120
357459 512746
872636 138066
618770 182162
342205 978076
845469 682870
455139 696310
240804 155739
323416 446346
807663 973238
861042 454456
855341 783728
601859 707001
754739 877845
152741 277617
453149 173029
228296 174343
122349 470044
636740 681571
436370 594760
680611 458293
426066 807444
570311 345929
91759 289616
643107 460023
142480 778686
77549 758179
530932 974625
122627 389904
157539 56438
114241 911579
175782 993190
87581 813866
542864 546931
901375 666402
712077 96010
710900 232869
756010 657425
623684 103476
378810 26476
560338 906043
52141 350428
241116 614930
245325 121867
731548 569397
464645 522219
916396 839880
18694 212599
303593 582800
720833 937798
391808 897582
398872 252142
612336 415788
308972 856858
388675 325313
742262 652495
515096 243021
513818 124577
115825 299270
105716 256489
838768 466619
633904 997360
452241 674661
822546 85836
296489 794744
355451 623056
395310 388440
926469 372823
606358 830317
519123 61412
311070 774605
486683 637448
258099 305271
277381 12904
661485 438138
624341 576678
519725 795163
597450 333458
483827 745562
318237 643555
689809 807859
796980 201469
681036 851
357556 519414
943478 537133
489623 870723
990523 874302
69026 19743
526305 226096
384128 367990
551510 815321
33485 47403
270666 84171
414117 955103
898768 589573
511568 22218
941558 328821
601451 951494
941786 954810
171019 286115
68025 902616
340462 114987
381125 409011
560640 740254
757238 474830
988742 505184
424269 806912
958190 654998
808310 524655
670835 690042
867564 448278
198818 308429
172960 455635
694791 886388
338429 727389
132055 811938
486856 389261
72065 237507
520862 933045
64406 28537
61660 504182
555220 851692
454671 540501
193739 894608
923163 887937
148569 626613
262259 403420
27513 851648
288702 676021
2724 875510
372980 749407
642067 722248
354712 252045
255671 149945
861565 133422
903437 416688
141701 186355
409251 215690
92274 721702
148150 360927
555782 169751
873862 534618
436274 395107
266500 270478
347666 836862
132602 692803
316789 218221
371672 321397
418005 35517
449044 126483
509586 575711
595396 23762
429010 100877
391665 948009
466181 3867
867220 213733
563072 647719
117474 706885
587945 225821
390739 353445
556966 212033
252929 910697
495132 726968
48065 308339
823414 662920
357646 212933
55869 216804
843776 408041
683039 773344
557030 207052
404414 127894
426016 386950
137636 345469
974463 809422
607975 912995
700428 503149
927020 689311
33101 395890
315369 72601
62631 550448
138375 328710
184764 453271
493437 914400
693364 996611
97041 505621
926376 824694
918145 480137
245154 408373
652873 373301
464450 4664
161285 936280
648538 299097
35201 4474
314719 992570
451443 970056
84746 522234
672703 524871
98412 928453
586698 755058
744111 587270
803432 169749
87646 712966
310529 189070
183591 147989
283712 238984
872147 138817
495137 632753
24794 755024
485141 498059
444986 700848
325202 191994
79903 739757
616419 27750
418880 806644
189817 135282
394897 113255
742770 567249
547151 809407
590109 701886
623154 582425
278952 239836
188646 710701
654723 772790
293076 715493
884225 647029
664736 509690
544627 146087
219630 891667
224025 470786
56687 462756
272734 912686
240801 556964
108446 689108
19807 153801
70753 115592
778821 877173
285551 894522
932813 227539
985332 510006
3320 615756
404339 651312
925632 272685
145337 3386
261882 959816
209389 751999
900539 602085
945122 447318
35794 652244
421996 931765
654383 990591
176715 151951
727982 907462
373803 997023
320780 421069
949120 604198
451551 511840
662371 843559
173243 213819
133400 769970
415433 792652
532025 293898
926488 604460
305902 735171
535181 311704
918714 186470
741737 740898
61281 719498
75174 499466
668187 767111
756761 724643
554025 313975
499189 956662
387554 850630
271965 981192
556891 955013
616365 432572
459149 605937
191465 846328
985027 127882
211409 80982
968386 161891
480067 336147
24331 883864
463058 803935
319392 348616
76929 824523
579451 490376
286586 188036
910970 376776
381677 763816
336604 346934
278176 792980
132313 692646
539282 911972
538337 556984
123341 757904
637267 486151
907523 522050
425865 691690
588285 753051
363933 197432
896479 430267
652538 14880
468712 281917
999733 65250
17643 547905
439782 182565
404442 350114
888733 518684
771884 704346
112146 694352
174273 477910
27061 456202
351276 746617
35703 790019
12502 72990
143821 656508
418116 929636
102965 5083
782761 885992
477342 994217
916064 377517
448790 160480
388231 999868
243196 827534
948257 764276
17029 938929
890661 145218
49469 928735
58830 676530
673152 341215
974946 980730
733478 889207
508187 519052
952616 637321
211302 216812
216896 741065
453355 835744
244069 958372
463929 907751
330404 928834
407610 636879
794413 350978
612694 841574
436139 110959
80193 759777
898763 69503
852185 167881
731637 107289
32752 660010
306678 683449
351334 63024
748118 310750
919957 307211
694283 484454
769607 669733
653741 949606
747581 405369
865653 656639
945836 971742
540905 104757
135767 556121
274649 19426
474087 768275
699579 936323
821702 531922
879638 657656
535579 988960
764382 322518
633824 229906
903314 515380
820622 931000
297722 301417
970583 405211
351117 610433
282604 846234
352317 448202
488464 473176
407885 704750
364461 576198
743422 714268
363093 968811
335559 512715
296855 363043
730297 197221
266816 488194
425228 146966
875738 459190
117214 906781
569928 610932
34402 27350
621515 345671
686186 794490
356755 193651
623016 268967
842782 514221
328183 381296
548357 800037
133933 594727
176827 235919
740678 513483
469535 804500
696210 631819
638371 152957
880915 620996
345520 718405
39278 254860
671774 335812
975892 440034
20883 485534
716213 20336
699923 59815
991176 564787
92960 233670
812853 54810
823400 645084
982031 150943
935553 171684
922047 464170
227943 136991
832220 878311
171699 279354
53342 10341
27417 580971
224338 647714
930729 230938
978539 366497
4172 55065
992356 213684
593724 787183
575525 920912
25547 343304
848099 824504
123721 554219
535678 951224
867702 146927
305365 788309
674431 107606
607421 696795
150960 516089
951842 515818
899834 806175
17756 729879
263138 489221
237445 143128
25640 718974
524899 353310
328899 377680
25368 160149
616387 788468
676867 385576
138490 181423
208135 628486
729148 146506
23557 389654
51741 624371
732715 467180
346474 957981
173166 824902
807403 86109
193983 485162
450615 518449
255997 644980
500112 951843
417325 118721
113844 239219
858074 574098
862278 451450
347901 939092
824193 848789
199754 358258
670390 841546
101192 563072
595033 877810
200476 91011
775527 693363
701813 947917
876711 469821
939725 703014
670322 754790
27913 200333
810917 736920
166955 512588
641449 465991
60993 544255
880955 258971
786434 336255
408695 648962
181929 554620
305638 228381
906164 152792
