206702 517079 470
896022 201877 525
522539 24443 470
643589 483991 509
687614 719819 504
556264 101828 470
210053 946572 525
932776 311013 525
488050 990332 525
420729 932546 525
883468 319151 525
471 10225 262
192968 119939 383
239123 966570 525
684931 497623 509
916299 302761 525
192154 688164 509
652229 472070 509
429008 155006 449
79447 196425 383
638815 54628 509
7101 685616 509
275765 251117 407
489511 739022 509
220608 545941 470
149037 765402 509
839178 107365 525
997262 101445 525
250899 863446 525
937733 408651 525
106640 153641 375
816421 988413 525
873530 904748 445
248728 895974 525
333117 575333 470
123889 409416 443
498966 171620 449
165807 249044 443
985933 554101 525
377816 718691 509
803179 184860 509
249 509427 449
418639 475120 444
658544 930658 525
517154 531966 439
635661 179594 509
668837 616541 509
906829 753561 525
192462 414071 449
229840 801467 509
47306 728456 509
606944 441424 470
10836 152320 375
194425 122079 383
957703 492411 525
179377 674700 509
897918 339032 525
20537 566310 470
133749 568991 470
681005 471699 509
307648 126759 443
287620 728818 509
532064 805642 509
123015 42810 354
739671 882017 525
455737 725997 509
272193 222380 443
896595 817987 525
82845 74116 351
187061 29878 383
737048 115283 509
445643 242294 449
980649 57832 525
786137 583847 509
884103 491456 525
246953 771013 509
268116 449106 449
432015 260825 449
684370 258162 509
584249 44955 470
754070 75104 509
14235 422345 449
352818 597402 470
906556 118983 525
569153 94828 470
766477 981871 525
518429 470082 470
603162 648338 509
689864 350423 509
585907 556090 434
832637 380104 509
195436 962119 525
911603 593627 525
156446 909105 525
889657 997736 507
889538 345268 525
438568 134306 449
776839 170620 509
319682 669369 509
438276 358091 449
799927 776532 468
267995 332644 407
614084 778012 509
471963 26894 449
175943 959966 525
624830 474249 470
564412 37841 470
650693 671068 442
26419 974123 525
472905 853579 525
443934 828224 509
893498 455012 525
582552 4599 470
686983 991604 525
227336 785339 509
547206 952244 525
309403 621253 470
303731 475468 449
172878 625043 470
615367 127356 470
858074 210682 525
694999 209419 509
114822 204645 383
324928 919532 525
105273 869531 525
893570 950317 507
812055 662286 504
697872 564896 509
806873 187144 509
966645 406686 525
445381 84024 449
531090 79116 470
702765 345411 509
526608 443998 470
842868 460413 525
502057 27864 449
162962 173987 352
466856 716145 509
840539 608149 525
15453 716088 509
574610 693430 509
422875 845674 525
689420 393 509
912385 294080 525
548318 222586 470
536189 24047 470
836838 879525 525
351266 968088 525
107035 167007 383
355279 167400 443
171022 298282 443
342336 91715 443
982913 211939 525
496962 323414 449
195942 191953 360
575518 550660 421
523746 108734 470
672668 389816 509
459745 505102 444
374638 529248 470
640888 980594 525
55956 246591 443
285182 871345 525
32459 779815 509
726835 284902 509
51387 218690 386
958329 440373 525
878304 173029 525
394915 259815 441
128689 112837 349
806678 691569 504
231437 297543 407
619108 116324 470
239382 610744 470
158655 473280 449
913027 797540 525
846512 227771 525
881290 245895 525
549071 450942 470
32794 456221 449
78069 160138 383
912479 53431 525
577972 684562 509
887589 245120 525
797770 248444 509
222905 468173 449
946752 718815 525
594802 987006 525
806803 542793 509
655762 507847 509
601131 36216 470
182291 841088 525
533742 244078 470
671840 720499 504
379126 119291 443
655454 866975 525
580066 358784 470
610118 83945 470
66197 367903 443
480509 643779 509
565347 303020 470
612528 396057 470
507179 767929 509
950600 301634 525
697163 568963 509
692092 492306 509
130326 608258 470
152593 877959 525
970991 927815 507
67698 177455 383
879424 796058 525
194386 453669 449
805457 316581 509
597945 944498 525
80912 552733 470
399776 106619 443
927889 446120 525
716522 82283 509
313927 494285 449
70788 216189 383
568965 195072 470
410534 312754 449
721161 634996 504
884707 37703 525
396084 411063 449
197656 789239 509
52817 309164 443
211233 28653 383
73812 580823 470
696392 766426 504
685877 382961 509
758155 746872 424
293944 604861 470
876550 828344 525
514894 282244 470
529538 7248 470
718616 19495 509
359454 747772 509
65681 260286 443
57431 993386 525
655427 495376 509
157459 359659 443
328354 614620 470
560955 608451 434
831070 274248 509
48207 491318 449
722248 248667 509
101778 694423 509
32720 449883 449
841864 957323 507
566593 989707 525
44016 569938 470
825312 755875 468
679875 445687 509
650285 623098 509
780330 197032 509
526218 133756 470
759811 701001 504
7751 772325 509
299131 383706 441
404452 28920 443
32567 477942 449
207499 450459 449
580500 332319 470
117181 438464 449
108287 95161 354
239783 984431 525
456196 734296 509
664379 703991 442
669577 304281 509
684917 517130 509
130964 203719 383
672927 278264 509
204240 537659 470
676995 927735 525
764259 784346 468
30699 193595 383
347198 903769 525
224044 667296 509
72752 81129 351
42804 80574 351
956152 595877 525
495909 908786 525
718137 378932 509
934546 799630 525
834255 576183 509
523863 787150 509
715906 858591 525
3468 465930 449
746999 250345 509
497544 833850 509
468438 896355 525
674320 470436 509
819026 546523 509
304982 698659 509
820175 55409 509
787440 762257 468
613023 247125 470
824999 444233 509
226357 585279 470
715373 150684 509
31582 924245 525
850324 41455 525
791614 145892 509
991208 603181 525
371797 746125 509
14251 367084 443
708274 675723 504
976915 831253 525
544334 915188 525
894855 38665 525
328464 152955 443
476097 537928 470
740798 56187 509
146104 816038 509
548999 849536 525
330220 394313 441
90380 458087 449
545008 13017 470
148795 500634 449
627845 318100 509
140077 991322 525
363999 935190 525
751451 936572 525
451563 627891 509
40598 589251 470
981511 811719 525
591011 719128 509
68143 379433 443
378124 985151 525
5026 855798 525
118517 784540 509
815298 297904 509
27446 235292 443
730561 323175 509
470612 129268 449
810871 152045 509
778218 71954 509
864580 167777 525
693811 9611 509
569723 473413 470
921367 680945 525
612182 595060 403
144145 308920 443
887126 318042 525
271733 674085 509
556408 185920 470
148792 733293 509
750027 36179 509
804025 540028 509
627909 755588 504
939662 337821 525
246108 469678 449
981552 135725 525
71247 101983 351
825029 755571 468
88474 717683 509
275917 592749 470
4306 998762 525
231078 317452 407
674786 516157 509
946950 277746 525
142889 681545 509
625086 431005 470
571164 375583 470
307873 583278 470
6110 16637 276
133432 618006 470
929894 851850 476
990959 659542 525
789100 580013 509
680434 81853 509
120525 817906 509
335202 812712 509
4914 667421 509
336118 160513 443
186824 473526 449
314055 695515 509
980355 141567 525
284448 93562 443
521266 567843 452
23067 848220 525
992801 988735 352
14851 3394 276
148121 419339 449
465860 559072 470
851440 104246 525
629661 90612 509
135551 946062 525
337177 904462 525
673331 595441 509
892977 124918 525
980888 90751 525
983968 695032 525
609171 961748 525
886128 67614 525
55736 446130 449
173865 669425 509
84896 114288 354
997761 652037 525
936619 616462 525
995743 569407 525
924807 43618 525
63227 130238 354
103271 928892 525
168319 111786 383
329214 202000 443
614001 593835 403
312394 759089 509
514887 749428 509
556369 123452 470
975725 79892 525
10675 75284 340
914232 992666 507
610455 466261 470
438057 605902 470
51021 6171 324
625730 555914 447
683742 756552 504
304116 701257 509
498066 485620 426
868164 385099 525
253079 695610 509
83633 191274 383
239810 254890 368
115425 522484 470
441571 937162 525
123016 446384 449
862279 610901 525
177953 905592 525
974468 909005 507
315280 279602 389
932457 690500 525
352241 314903 441
27780 631725 509
755607 605480 509
272710 175095 443
903959 534341 525
228878 919702 525
650262 757661 504
351964 569823 470
728610 712902 411
720676 395254 509
865536 462392 525
421778 198735 449
840599 477134 525
688663 249989 509
106233 250048 443
915496 716137 525
306594 738587 509
326201 98261 443
359875 646197 509
644310 203677 509
458482 848073 525
502504 693806 509
577182 455262 470
856031 703254 525
532579 220868 470
703008 170638 509
743712 876115 525
197614 436040 449
534901 292535 470
712876 540296 509
939149 313526 525
355674 113360 443
186171 25558 383
207370 260225 443
919057 382273 525
565945 820961 509
365881 503868 449
163600 198406 365
694613 510392 509
553969 49866 470
917501 22124 525
987729 192954 525
174549 664045 509
23023 930595 525
762054 835156 468
993706 918466 507
772181 559820 509
795308 608912 509
183590 125310 383
440259 140253 449
824927 935086 525
666732 42212 509
744223 583809 509
876436 910668 476
790977 648630 504
518339 812839 509
573087 762744 509
138937 102902 354
297870 872046 525
446485 546570 470
1225 8270 262
873834 126891 525
806527 260562 509
771482 831350 468
627527 594407 509
233571 847528 525
233134 34458 443
68774 335490 443
760674 521441 509
989825 811875 525
555523 686019 509
173703 97129 383
778187 514098 509
902725 88907 525
7999 683371 509
781328 896423 525
886286 854120 432
357459 512746 470
872636 138066 525
618770 182162 470
342205 978076 525
845469 682870 525
455139 696310 509
240804 155739 443
323416 446346 449
807663 973238 525
861042 454456 525
855341 783728 525
601859 707001 509
754739 877845 525
152741 277617 443
453149 173029 449
228296 174343 386
122349 470044 449
636740 681571 442
436370 594760 470
680611 458293 509
426066 807444 509
570311 345929 470
91759 289616 443
643107 460023 509
142480 778686 509
77549 758179 509
530932 974625 525
122627 389904 443
157539 56438 383
114241 911579 525
175782 993190 525
87581 813866 509
542864 546931 452
901375 666402 525
712077 96010 509
710900 232869 509
756010 657425 504
623684 103476 470
378810 26476 443
560338 906043 525
52141 350428 443
241116 614930 470
245325 121867 443
731548 569397 509
464645 522219 470
916396 839880 476
18694 212599 383
303593 582800 470
720833 937798 525
391808 897582 525
398872 252142 441
612336 415788 470
308972 856858 525
388675 325313 441
742262 652495 504
515096 243021 470
513818 124577 470
115825 299270 443
105716 256489 443
838768 466619 525
633904 997360 525
452241 674661 509
822546 85836 509
296489 794744 509
355451 623056 470
395310 388440 436
926469 372823 525
606358 830317 509
519123 61412 470
311070 774605 509
486683 637448 509
258099 305271 407
277381 12904 443
661485 438138 509
624341 576678 447
519725 795163 509
597450 333458 470
483827 745562 509
318237 643555 509
689809 807859 504
796980 201469 509
681036 851 509
357556 519414 470
943478 537133 525
489623 870723 525
990523 874302 507
69026 19743 340
526305 226096 470
384128 367990 423
551510 815321 509
33485 47403 324
270666 84171 443
414117 955103 525
898768 589573 525
511568 22218 449
941558 328821 525
601451 951494 525
941786 954810 414
171019 286115 443
68025 902616 525
340462 114987 443
381125 409011 436
560640 740254 509
757238 474830 509
988742 505184 525
424269 806912 509
958190 654998 525
808310 524655 509
670835 690042 398
867564 448278 525
198818 308429 443
172960 455635 449
694791 886388 525
338429 727389 509
132055 811938 509
486856 389261 449
72065 237507 443
520862 933045 525
64406 28537 340
61660 504182 449
555220 851692 525
454671 540501 470
193739 894608 525
923163 887937 476
148569 626613 509
262259 403420 441
27513 851648 525
288702 676021 509
2724 875510 525
372980 749407 509
642067 722248 504
354712 252045 441
255671 149945 443
861565 133422 525
903437 416688 525
141701 186355 383
409251 215690 443
92274 721702 509
148150 360927 443
555782 169751 470
873862 534618 525
436274 395107 449
266500 270478 407
347666 836862 509
132602 692803 509
316789 218221 443
371672 321397 441
418005 35517 449
449044 126483 449
509586 575711 470
595396 23762 470
429010 100877 449
391665 948009 525
466181 3867 449
867220 213733 525
563072 647719 509
117474 706885 509
587945 225821 470
390739 353445 436
556966 212033 470
252929 910697 525
495132 726968 509
48065 308339 443
823414 662920 504
357646 212933 443
55869 216804 386
843776 408041 525
683039 773344 504
557030 207052 470
404414 127894 443
426016 386950 449
137636 345469 443
974463 809422 525
607975 912995 525
700428 503149 509
927020 689311 525
33101 395890 443
315369 72601 443
62631 550448 470
138375 328710 443
184764 453271 449
493437 914400 525
693364 996611 525
97041 505621 449
926376 824694 525
918145 480137 525
245154 408373 441
652873 373301 509
464450 4664 449
161285 936280 525
648538 299097 509
35201 4474 311
314719 992570 525
451443 970056 525
84746 522234 470
672703 524871 509
98412 928453 525
586698 755058 509
744111 587270 509
803432 169749 509
87646 712966 509
310529 189070 443
183591 147989 383
283712 238984 407
872147 138817 525
495137 632753 509
24794 755024 509
485141 498059 426
444986 700848 509
325202 191994 443
79903 739757 509
616419 27750 470
418880 806644 509
189817 135282 383
394897 113255 443
742770 567249 509
547151 809407 509
590109 701886 509
623154 582425 447
278952 239836 407
188646 710701 509
654723 772790 504
293076 715493 509
884225 647029 525
664736 509690 509
544627 146087 470
219630 891667 525
224025 470786 449
56687 462756 449
272734 912686 525
240801 556964 470
108446 689108 509
19807 153801 375
70753 115592 354
778821 877173 525
285551 894522 525
932813 227539 525
985332 510006 525
3320 615756 470
404339 651312 509
925632 272685 525
145337 3386 375
261882 959816 525
209389 751999 509
900539 602085 525
945122 447318 525
35794 652244 509
421996 931765 525
654383 990591 525
176715 151951 383
727982 907462 525
373803 997023 525
320780 421069 449
949120 604198 525
451551 511840 444
662371 843559 525
173243 213819 373
133400 769970 509
415433 792652 509
532025 293898 470
926488 604460 525
305902 735171 509
535181 311704 470
918714 186470 525
741737 740898 362
61281 719498 509
75174 499466 449
668187 767111 504
756761 724643 424
554025 313975 470
499189 956662 525
387554 850630 525
271965 981192 525
556891 955013 525
616365 432572 470
459149 605937 470
191465 846328 525
985027 127882 525
211409 80982 383
968386 161891 525
480067 336147 449
24331 883864 525
463058 803935 509
319392 348616 441
76929 824523 509
579451 490376 470
286586 188036 443
910970 376776 525
381677 763816 509
336604 346934 441
278176 792980 509
132313 692646 509
539282 911972 525
538337 556984 452
123341 757904 509
637267 486151 509
907523 522050 525
425865 691690 509
588285 753051 509
363933 197432 443
896479 430267 525
652538 14880 509
468712 281917 449
999733 65250 525
17643 547905 470
439782 182565 449
404442 350114 436
888733 518684 525
771884 704346 504
112146 694352 509
174273 477910 449
27061 456202 449
351276 746617 509
35703 790019 509
12502 72990 340
143821 656508 509
418116 929636 525
102965 5083 351
782761 885992 525
477342 994217 525
916064 377517 525
448790 160480 449
388231 999868 525
243196 827534 509
948257 764276 525
17029 938929 525
890661 145218 525
49469 928735 525
58830 676530 509
673152 341215 509
974946 980730 383
733478 889207 525
508187 519052 470
952616 637321 525
211302 216812 386
216896 741065 509
453355 835744 509
244069 958372 525
463929 907751 525
330404 928834 525
407610 636879 509
794413 350978 509
612694 841574 525
436139 110959 449
80193 759777 509
898763 69503 525
852185 167881 525
731637 107289 509
32752 660010 509
306678 683449 509
351334 63024 443
748118 310750 509
919957 307211 525
694283 484454 509
769607 669733 504
653741 949606 525
747581 405369 509
865653 656639 525
945836 971742 458
540905 104757 470
135767 556121 470
274649 19426 443
474087 768275 509
699579 936323 525
821702 531922 509
879638 657656 525
535579 988960 525
764382 322518 509
633824 229906 509
903314 515380 525
820622 931000 525
297722 301417 371
970583 405211 525
351117 610433 470
282604 846234 525
352317 448202 449
488464 473176 413
407885 704750 509
364461 576198 470
743422 714268 424
363093 968811 525
335559 512715 470
296855 363043 441
730297 197221 509
266816 488194 449
425228 146966 449
875738 459190 525
117214 906781 525
569928 610932 434
34402 27350 311
621515 345671 470
686186 794490 504
356755 193651 443
623016 268967 470
842782 514221 525
328183 381296 441
548357 800037 509
133933 594727 470
176827 235919 443
740678 513483 509
469535 804500 509
696210 631819 442
638371 152957 509
880915 620996 525
345520 718405 509
39278 254860 443
671774 335812 509
975892 440034 525
20883 485534 449
716213 20336 509
699923 59815 509
991176 564787 525
92960 233670 443
812853 54810 509
823400 645084 504
982031 150943 525
935553 171684 525
922047 464170 525
227943 136991 386
832220 878311 525
171699 279354 443
53342 10341 340
27417 580971 470
224338 647714 509
930729 230938 525
978539 366497 525
4172 55065 340
992356 213684 525
593724 787183 509
575525 920912 525
25547 343304 443
848099 824504 525
123721 554219 470
535678 951224 525
867702 146927 525
305365 788309 509
674431 107606 509
607421 696795 509
150960 516089 470
951842 515818 525
899834 806175 525
17756 729879 509
263138 489221 449
237445 143128 443
25640 718974 509
524899 353310 470
328899 377680 441
25368 160149 383
616387 788468 509
676867 385576 509
138490 181423 383
208135 628486 509
729148 146506 509
23557 389654 443
51741 624371 470
732715 467180 509
346474 957981 525
173166 824902 509
807403 86109 509
193983 485162 449
450615 518449 470
255997 644980 509
500112 951843 525
417325 118721 449
113844 239219 443
858074 574098 525
862278 451450 525
347901 939092 525
824193 848789 525
199754 358258 443
670390 841546 525
101192 563072 470
595033 877810 525
200476 91011 383
775527 693363 504
701813 947917 525
876711 469821 525
939725 703014 525
670322 754790 504
27913 200333 383
810917 736920 468
166955 512588 470
641449 465991 509
60993 544255 470
880955 258971 525
786434 336255 509
408695 648962 509
181929 554620 470
305638 228381 443
906164 152792 525
