361806 716818
715820 993816
23465 322756
490879 390200
761780 208494
471266 367803
529163 727809
39440 703432
264257 753681
54676 945470
699652 931052
587591 209825
515111 474364
21665 699667
394747 197855
50151 344838
315617 830272
105650 147770
728248 499412
884026 994386
149540 93874
634011 551648
168828 496522
7674 135439
407150 565078
464002 788100
792731 672768
562382 661111
946415 208671
12557 708891
355643 605361
205325 575462
118112 890539
611846 829302
323118 559266
610893 311809
363866 717419
768123 39771
746080 318842
153630 725667
113851 379105
508023 873072
78504 673482
171023 934082
273454 668834
498479 2401
761016 562828
96403 18935
74768 417808
572852 579894
742865 870581
224639 353937
475235 410047
821790 927305
901502 756836
642725 285375
417670 402651
379223 901753
515372 558331
378249 649245
702448 581052
843693 346071
379177 138949
883098 384705
251293 63563
190887 366433
113567 714044
790135 929761
47637 636906
652564 453857
7852 260329
475060 720124
578332 565403
271552 110017
167297 518413
186175 407518
112225 630497
272118 195481
779424 610400
618810 364460
835460 458940
438956 195243
797168 251399
27963 222996
285420 153164
899186 534786
720479 199661
905567 42349
117905 137710
711508 874621
71741 976224
734029 403642
269434 126816
273395 204212
397196 201546
255334 586872
30397 36810
70430 129742
79781 508336
385100 990589
88558 568418
491596 264566
432406 479435
377614 176572
211710 485791
566560 335392
743375 991644
866926 152801
144614 78460
309256 375079
719017 776654
429198 33681
251842 628619
330264 622465
489570 616458
479719 747693
303775 700269
893623 72886
398834 521193
265559 414184
710276 777481
832435 673457
369849 548925
874423 215777
458946 330789
486160 497874
615223 594767
625241 972175
158875 372911
674895 636597
19540 186121
906791 402057
809205 378024
79590 179134
435818 869422
444579 54086
315447 579252
216779 712564
841896 617293
192576 144220
630768 202771
248373 715628
342053 33571
212156 295615
671648 733271
644549 438855
224267 585189
461367 923386
449211 416922
437351 225856
696152 297002
953402 847782
148411 31170
17298 175662
263321 543588
134594 352224
631288 234020
684588 765234
80331 302852
576975 544174
270409 893342
701693 711123
424310 302841
727400 626072
28875 445047
863648 283412
318999 424669
170767 200860
703132 139770
421059 550448
473440 963930
687920 972269
718598 768163
654224 89136
771868 35998
19662 896494
567572 856388
374341 410323
682631 770314
254482 391886
310121 17752
64412 821270
546317 897660
979673 153140
158935 854120
806704 213766
269111 297108
99964 444678
501213 675780
600688 322570
792456 254889
476352 287864
110443 372773
425129 904007
32032 884236
560683 238576
139950 74665
724247 785138
171 213994
757498 597198
236781 860136
205049 953240
464563 323284
650221 856974
528425 766389
960179 184688
337044 187003
587080 629583
993001 911732
601071 602562
503676 825682
523847 672979
625743 376881
885203 29797
790057 146064
293902 928849
308261 161403
543049 131498
679987 100430
591407 996757
458818 54336
893292 32146
776744 562463
776953 618145
509823 490757
475468 454402
541872 597903
25443 667680
593615 335111
994807 15048
349433 325989
745713 25593
963524 440880
364194 810155
860433 823170
262939 807976
169080 222206
856450 720614
408869 578422
114429 299486
727567 372498
975316 168802
169513 2903
565114 774540
434628 956312
500566 798012
311247 324064
831268 840887
155284 598694
770281 917242
368841 497863
914945 870690
975524 349387
935102 713753
534625 416134
479429 951380
361353 613874
289532 589643
888857 611519
890124 982873
396517 212591
571912 39555
856432 401549
94434 468935
720308 640836
378800 189661
617285 960016
423224 962775
684532 627117
566959 192582
845996 441925
682304 151584
322660 549479
304454 314913
562399 708791
666636 9652
152730 406530
639267 130478
982382 701336
146556 626319
294331 762266
889927 133533
184670 243448
444717 115792
449133 68578
386472 630322
509089 952106
495289 312026
75062 787965
700936 246015
344848 6360
531293 730958
341842 954288
491142 690258
490740 218603
267193 22226
870491 473651
549441 235337
769670 55635
362217 899598
663524 47171
805953 190772
558015 878560
232803 736053
36563 886935
414252 735509
948524 301724
739065 254604
845274 431436
13916 714857
101835 163289
6968 489991
174784 322222
321772 521858
214440 974765
49304 205303
655348 637745
252847 889616
609897 690506
679275 162195
379937 826446
834783 387450
205170 556386
615695 200045
836965 367959
814607 54264
80802 785112
49944 944727
934955 71076
709270 274711
52927 828597
276918 409551
946192 956363
433354 986587
30109 187726
392051 156103
701629 812044
15112 319104
365889 233746
659953 319981
698483 917953
506499 183527
95512 839322
142942 570820
207646 997902
305715 342809
772117 186523
566026 331737
128702 799574
416456 435762
283272 840009
93725 213307
98399 124058
226474 264977
770729 183825
337531 843904
974428 759922
366382 514826
589498 169863
765949 776521
438424 501197
619514 931086
459882 123638
932187 562733
850744 277037
766695 135283
9784 218597
244236 464448
235002 194965
14182 191834
568396 838708
177883 310276
670461 176254
902721 98836
970673 244742
940104 201644
773361 48375
443143 414008
456875 834023
446791 669334
427958 989313
158656 496298
654779 411933
337055 748468
165990 807472
791711 461968
44134 42789
385721 560514
145929 404507
794086 713876
352017 341762
12963 52759
282984 433964
27195 933956
959577 540361
499237 255615
866379 416380
857848 645232
289435 418840
134714 668036
485353 689764
275338 650945
318475 300772
20048 931699
377553 68999
629728 127235
682402 39076
911405 496243
539385 409951
855822 326498
104897 297470
924665 304147
71286 99709
946189 881023
678990 261546
226426 101521
967429 546690
571306 446088
981850 854602
516386 611939
678585 469558
137616 859638
504830 309756
327855 517070
881950 47564
679119 568935
792888 504111
97272 686571
587929 472297
667175 346734
342687 291157
512070 826595
6333 301381
411550 151022
746355 105400
719700 285805
532174 951908
343667 530242
2874 956690
168838 574008
893688 525767
341290 812051
938921 775235
346763 670929
308559 700455
263055 17654
215106 607971
715398 828204
187586 666762
284437 303955
676218 564871
232613 917771
741759 470501
4547 116043
182150 288396
245583 295468
190172 998078
627860 651704
301760 371334
764490 965757
958914 113489
612245 815399
274073 74709
824058 274053
709755 595900
106275 141008
478317 128070
986630 352007
201797 675196
889331 150742
973908 776984
53512 74806
227103 499205
986128 362474
311494 38573
531418 626148
588871 289003
30927 455257
215953 981085
921283 662104
178871 247347
350436 897623
770196 893439
65610 47142
865524 38548
809962 187515
201803 663123
649446 773885
977159 706541
361325 375528
109498 443685
395513 558068
500607 83273
206368 14546
796073 388809
879426 43712
105085 856765
45168 84651
243589 115921
424732 427524
533958 760590
244413 45531
913550 332634
563059 941383
112260 486731
590305 865819
791580 50719
128324 359980
878028 296661
224284 193770
110030 588290
573932 813690
585956 867831
566240 332240
622118 191083
272778 700296
226008 980572
69041 107449
1391 626100
407886 627877
308458 375522
570399 887025
248309 981409
816661 402867
728303 237016
933986 120813
549366 51593
87634 651659
126565 555561
108282 880735
929508 438981
695190 358541
401589 537075
456416 680854
298253 954101
423741 848391
106799 370923
601021 204978
289679 367070
589760 855956
168331 878938
685549 296058
836603 8337
395953 943871
739653 956695
443343 166425
998709 175057
880503 893372
766927 930449
267445 90723
900631 919823
518737 368476
973933 495531
448172 599681
877627 851109
